SampleID	LinkerPrimerSequence	BarcodeSequence	Sample_identifier	Species	Plate	Well	Nuc_type	Description	TbClFluorTotalRep1	TbClFluorTotalRep2	TbClFluorTotalRep3	AvgTbClFluorTotal	TbClFluorViableRep1	TbClFluorViableRep2	TbClFluorViableRep3	AvgTbClFluorViable	ViableNoSpores	TotalNoSpores	PercentViableSpores	Total bacteria_blue_fresh	Total_bacteria_red_fresh	Total bacteria_blue_frozen	Total_bacteria_red_frozen	No_fields_obs	Dilution factor	Area_mm2	Total_cells_ml	Active_cells_ml	Per_active	Per_dormant	NoColPast	NoColTotal	PercentSpore	CFUTotal	CFUPast	PostFreezeTotalCol	PostFreezeTotalCFU	PostFreezePastCol	PostFreezePastCFU	FrozTbClFluorTotalRep1	FrozTbClFluorTotalRep2	FrozTbClFluorTotalRep3	FrozAvgTbClFluorTotal	FrozTbClFluorViableRep1	FrozTbClFluorViableRep2	FrozTbClFluorViableRep3	FrozAvgTbClFluorViable	FrozViableNoSpores	FrozTotalNoSpores	FrozPercentViableSpores
AnMa1.DNA	AGAGCGGA	GTGTGYCAGCMGCCGCGGTAA	6	Ambystoma maculatum	5	D2	DNA	AnMa1	23897.4	23431.8	26049	24459.4	23660.7	23199.75	25791	24217.15	1173.345588	2063.970588	1.75904747	208	205	209	195	10	100	4	8.36E+05	780000	93.30	6.70	22	234	0.094017094	2340000	2200	237	2370000	23	2300	25392	22521	23163	23692	30905	21924	23119	25316	5213.235294	-2863.970588	-54.93653032
AnMa3.DNA	GTGAGGGC	GTGTGYCAGCMGCCGCGGTAA	8	Ambystoma maculatum	5	G2	DNA	AnMa3	22185.7	21677.7	24182.5	22681.96667	21966	21463.05	23943	22457.35	-5296.507353	-4470.710784	0.844086581	209	198	208	198	10	100	4	8.32E+05	792000	95.19	4.81	9	273	0.032967033	2730000	900	276	2760000	10	1000	24051	21378	21204	22211	29548	21743	21333	24208	1139.705882	-9430.147059	-827.4193548
AnMa5.DNA	GGCTTCGG	GTGTGYCAGCMGCCGCGGTAA	9	Ambystoma maculatum	5	B3	DNA	AnMa5	21920.6	21573.8	23893.6	22462.66667	21703.5	21360.15	23657	22240.21667	-6094.791667	-5276.960784	0.865814793	201	200	224	200	10	100	4	8.96E+05	800000	89.29	10.71	14	112	0.125	1120000	1400	114	1140000	15	1500	25893	21021	21993	22969	29407	21746	21630	24261	1334.558824	-8338.235294	-624.7933884
AnMa7.DNA	TGCGCGCC	GTGTGYCAGCMGCCGCGGTAA	11	Ambystoma maculatum	5	E3	DNA	AnMa7	23598.2	21174	25722.7	23498.3	23364.55	20964.3	25468	23265.61667	-2324.938725	-1469.485294	0.632053343	224	205	201	194	10	100	4	8.04E+05	776000	96.52	3.48	12	29	0.413793103	290000	1200	30	300000	13	1300	23263	20864	21552	21893	32252	22106	21280	25212.66667	4833.333333	-9625	-199.137931
AnMa9.DNA	ATTTGGCT	GTGTGYCAGCMGCCGCGGTAA	13	Ambystoma maculatum	5	A4	DNA	AnMa9	25867.8	23627.3	28196.2	25897.1	25611.65	23393.3	27917	25640.65	6406.801471	7349.632353	1.147160933	211	209	199	189	10	100	4	7.96E+05	756000	94.97	5.03	12	20	0.6	200000	1200	21	210000	13	1300	23562	21592	21338	22164	33456	21812	21323	25530.33333	6001.22549	-9466.911765	-157.7496426
BoOr1.DNA	ATGTTAGG	GTGTGYCAGCMGCCGCGGTAA	1	Bombina orientalis	5	A1	DNA	BoOr1	25088.4	20996.9	27346.8	24477.36667	24840	20788.95	27076	24234.98333	1238.909314	2130.02451	1.71927395	192	191	193	191	10	100	4	7.72E+05	764000	98.96	1.04	9	25	0.36	250000	900	26	260000	10	1000	24170	22794	20728	22564	33968	22966	21520	26151.33333	8284.313725	-8742.647059	-105.5325444
BoOr3.DNA	GCTAGTTA	GTGTGYCAGCMGCCGCGGTAA	5	Bombina orientalis	5	A2	DNA	BoOr3	24404.7	22315.9	26601.4	24440.66667	24163	22094.95	26338	24198.65	1105.330882	1995.098039	1.804978103	194	178	189	178	10	100	4	7.56E+05	712000	94.18	5.82	10	10	1	100000	1000	11	110000	11	1100	24785	22980	21180	22981.66667	23536	22084	21663	22427.66667	-5405.637255	-8216.911765	152.0063478
BoOr5.DNA	CTGCGGAT	GTGTGYCAGCMGCCGCGGTAA	7	Bombina orientalis	5	F2	DNA	BoOr5	23433.9	23436.8	25544	24138.23333	23201.85	23204.7	25291	23899.18333	4.350490196	883.2107843	203.0140845	189	181	194	182	10	100	4	7.76E+05	728000	93.81	6.19	22	216	0.101851852	2160000	2200	219	2190000	23	2300	25207	21060	20517	22261.33333	25010	20206	22145	22453.66667	-5310.04902	-6444.852941	121.3708747
BoOr7.DNA	CGGTCAAT	GTGTGYCAGCMGCCGCGGTAA	10	Bombina orientalis	5	C3	DNA	BoOr7	24028	21457.1	26191.4	23892.16667	23790.05	21244.65	25932	23655.56667	-891.2990196	-21.44607843	0.024061598	182	175	195	183	10	100	4	7.80E+05	732000	93.85	6.15	11	104	0.105769231	1040000	1100	106	1060000	12	1200	24648	21763	21348	22586.33333	23859	19852	22232	21981	-7047.794118	-6125	86.90662493
BoOr9.DNA	GTTGGTTG	GTGTGYCAGCMGCCGCGGTAA	15	Bombina orientalis	5	E4	DNA	BoOr9	21635.3	24115.1	23582.5	23110.96667	21421.05	23876.3	23349	22882.11667	-3734.865196	-2893.504902	0.774728069	195	193	182	177	10	100	4	7.28E+05	708000	97.25	2.75	11	73	0.150684932	730000	1100	74	740000	12	1200	24392	21032	21569	22331	26308	21400	21947	23218.33333	-2498.77451	-7172.794118	287.0524767
EuWi1.DNA	CGGCTGCGTTCTTCATCGATGC	GTCCGTCC	26	Eurycea wilderae	5	C7	DNA	EuWi1	21403.1	25603	23330	23445.36667	21191.1	25349.45	23099	23213.18333	-2517.708333	-1664.093137	0.660955487	223	221	224	209	10	100	4	8.96E+05	836000	93.30	6.70	45	23	1.956521739	230000	4500	24	240000	46	4600	23942	21678	21561	22393.66667	25320	21460	21760	22846.66667	-3865.196078	-7860.294118	203.3608117
EuWi2.DNA	CGGCTGCGTTCTTCATCGATGC	CAAAGGAG	29	Eurycea wilderae	5	A8	DNA	EuWi2	21500.6	21858	23436.1	22264.9	21287.7	21641.55	23204	22044.41667	-6814.644608	-6004.044118	0.881050218	225	202	226	207	10	100	4	9.04E+05	828000	91.59	8.41	22	13	1.692307692	130000	2200	14	140000	23	2300	25844	22157	22928	23643	27008	22199	23735	24314	1529.411765	-599.2647059	-39.18269231
EuWi3.DNA	CGGCTGCGTTCTTCATCGATGC	TTCCAATA	27	Eurycea wilderae	5	E7	DNA	EuWi3	21250.3	24856	23163.4	23089.9	21039.9	24609.9	22934	22861.26667	-3811.519608	-2970.955882	0.779467558	214	213	225	213	10	100	4	9.00E+05	852000	94.67	5.33	19	31	0.612903226	310000	1900	32	320000	20	2000	22496	21174	22821	22163.66667	21862	21324	22769	21985	-7033.088235	-4150.735294	59.01725039
EuWi4.DNA	CGGCTGCGTTCTTCATCGATGC	CGCTGTGG	30	Eurycea wilderae	5	C8	DNA	EuWi4	23115.8	22361.8	25196.5	23558.03333	22886.85	22140.3	24947	23324.71667	-2107.659314	-1249.877451	0.593016833	225	223	214	200	10	100	4	8.56E+05	800000	93.46	6.54	14	85	0.164705882	850000	1400	86	860000	15	1500	21793	20660	22251	21568	21210	21576	21071	21285.66667	-9604.166667	-10393.38235	108.2174301
EuWi5.DNA	CGGCTGCGTTCTTCATCGATGC	CCACGAGC	28	Eurycea wilderae	5	G7	DNA	EuWi5	22124.2	13482.2	24115.8	19907.4	21905.1	13348.65	23877	19710.25	-15396.13971	-14671.32353	0.952922214	225	223	226	202	10	100	4	9.04E+05	808000	89.38	10.62	12	33	0.363636364	330000	1200	34	340000	13	1300	21423	21114	22135	21557.33333	20960	21380	21758	21366	-9308.823529	-7867.647059	84.51816746
LiCa1.DNA	GTTAAGCT	GTGTGYCAGCMGCCGCGGTAA	21	Litoria caerulea	5	A6	DNA	LiCa1	23500.7	22361.8	25616.7	23826.4	23267.95	22140.3	25363	23590.41667	-1130.821078	-263.2352941	0.232782444	188	185	190	185	10	100	4	7.60E+05	740000	97.37	2.63	9	86	0.104651163	860000	900	87	870000	10	1000	20764	21688	21590	21347.33333	25932	21583	21533	23016	-3242.647059	-8694.852941	268.1405896
LiCa3.DNA	CATTCGTG	GTGTGYCAGCMGCCGCGGTAA	22	Litoria caerulea	5	C6	DNA	LiCa3	21545.2	12489.6	23484.6	19173.13333	21331.8	12365.85	23252	18983.21667	-18069.05637	-17370.83333	0.96135808	206	204	220	200	10	100	4	8.80E+05	800000	90.91	9.09	9	45	0.2	450000	900	46	460000	10	1000	21503	21554	21444	21500.33333	26551	21206	21916	23224.33333	-2476.715686	-7286.764706	294.2107867
LiCa5.DNA	TCAGTCAG	GTGTGYCAGCMGCCGCGGTAA	23	Litoria caerulea	5	E6	DNA	LiCa5	21764.7	24650.3	23723.9	23379.63333	21549.15	24406.2	23489	23148.11667	-2756.92402	-1905.759804	0.691263085	220	218	206	196	10	100	4	8.24E+05	784000	95.15	4.85	6	102	0.058823529	1020000	600	104	1040000	7	700	23481	24154	22492	23375.66667	26863	22702	22374	23979.66667	300.245098	-5602.941176	-1866.122449
LiCa7.DNA	CAGTCCCT	GTGTGYCAGCMGCCGCGGTAA	24	Litoria caerulea	5	G6	DNA	LiCa7	22883.5	25738.9	24944	24522.13333	22656.9	25484	24697	24279.3	1401.838235	2294.607843	1.636856369	226	225	228	222	10	100	4	9.12E+05	888000	97.37	2.63	5	82	0.06097561	820000	500	83	830000	6	600	23113	22918	21583	22538	22042	22696	22685	22474.33333	-5234.068627	-4459.558824	85.20252868
LiCa9.DNA	CCTATTGC	GTGTGYCAGCMGCCGCGGTAA	25	Litoria caerulea	5	A7	DNA	LiCa9	23142.9	23019.3	25225.8	23796	22913.75	22791.3	24976	23560.35	-1241.360294	-375	0.302087961	205	193	206	195	10	100	4	8.24E+05	780000	94.66	5.34	9	87	0.103448276	870000	900	88	880000	10	1000	22765	22057	21623	22148.33333	43024	21423	22501	28982.66667	18693.62745	-5136.029412	-27.47476072
NoVi1.DNA	GTAGTAGA	GTGTGYCAGCMGCCGCGGTAA	6	Notophthalmus viridescens	5	C2	DNA	NoVi1	26288	25775	28654	26905.66667	26027	25520	28371	26639.33333	10078.43137	11057.59804	1.097154669	217	217	10	100	4	8.68E+05	868000	100.00	0.00	0.00	100.00	10	42	0.238095238	420000	1000	43	430000	11	1100	22343	21499	22518	22120	25049	21454	22913	23138.66667	-2791.666667	-3621.323529	129.7190518
NoVi2.DNA	TGATGTGC	GTGTGYCAGCMGCCGCGGTAA	19	Notophthalmus viridescens	5	E5	DNA	NoVi2	24405	23846	26601	24950.66667	24163	23610	26338	24703.66667	2962.009804	3870.098039	1.306578403	205	195	10	100	4	8.20E+05	780000	95.12	4.88	5.13	94.87	11	172	0.063953488	1720000	1100	174	1740000	12	1200	22441	21187	43163	28930.33333	22218	21101	43988	29102.33333	19133.57843	73860.29412	386.0244668
NoVi3.DNA	ACTCCCGT	GTGTGYCAGCMGCCGCGGTAA	17	Notophthalmus viridescens	5	A5	DNA	NoVi3	24113	23732	26283	24709.33333	23874	23497	26023	24464.66667	2083.333333	2982.843137	1.431764706	220	217	10	100	4	8.80E+05	868000	98.64	1.36	1.38	98.62	11	22	0.5	220000	1100	23	230000	12	1200	22471	21340	44054	29288.33333	22623	20945	44712	29426.66667	20325.98039	76522.05882	376.4741348
NoVi4.DNA	AAGAACTC	GTGTGYCAGCMGCCGCGGTAA	20	Notophthalmus viridescens	5	G5	DNA	NoVi4	25959	23292	28295	25848.66667	25702	23061	28015	25592.66667	6230.392157	7171.568627	1.151062156	213	212	10	100	4	8.52E+05	848000	99.53	0.47	0.47	99.53	14	29	0.482758621	290000	1400	30	300000	15	1500	24263	21414	37009	27562	23458	21146	38905	27836.33333	14479.16667	55172.79412	381.0495133
NoVi5.DNA	TTGCTGGA	GTGTGYCAGCMGCCGCGGTAA	18	Notophthalmus viridescens	5	C5	DNA	NoVi5	28455	25991	31016	28487.33333	28173	25733	30709	28205	15834.55882	16872.54902	1.065552202	189	187	10	100	4	7.56E+05	748000	98.94	1.06	1.07	98.93	39	11	3.545454545	110000	3900	12	120000	40	4000	22924	21358	24269	22850.33333	32479	22060	36137	30225.33333	23262.2549	44996.32353	193.4306185
SaSa1.DNA	GTCGTTAC	GTGTGYCAGCMGCCGCGGTAA	2	Salamandra salamandra	5	C1	DNA	SaSa1	25399.5	21265.2	27686.2	24783.63333	25148	21054.6	27412	24538.2	2353.676471	3256.004902	1.38336978	217	217	205	185	10	100	4	8.20E+05	740000	90.24	9.76	23	15	1.533333333	150000	2300	16	160000	24	2400	21586	21225	23690	22167	30406	21981	34380	28922.33333	18471.81373	38536.76471	208.6246932
SaSa3.DNA	GGCTCGTC	GTGTGYCAGCMGCCGCGGTAA	3	Salamandra salamandra	5	E1	DNA	SaSa3	23627	21145.4	25754	23508.8	23393	20935.95	25499	23275.98333	-2286.82598	-1430.882353	0.625706707	205	195	217	199	10	100	4	8.68E+05	796000	91.71	8.29	23	29	0.793103448	290000	2300	30	300000	24	2400	23429	21532	24316	23092.33333	30654	21850	33979	28827.66667	18123.77451	37062.5	204.4965853
SaSa5.DNA	AATTTCCT	GTGTGYCAGCMGCCGCGGTAA	4	Salamandra salamandra	5	G1	DNA	SaSa5	25546	21582.3	27845.7	24991.33333	25293	21368.55	27570	24743.85	3109.742647	4019.607843	1.292585368	220	217	213	203	10	100	4	8.52E+05	812000	95.31	4.69	14	21	0.666666667	210000	1400	22	220000	15	1500	21846	21784	22505	22045	21266	21486	22750	21834	-7588.235294	-4220.588235	55.62015504
SaSa7.DNA	CGCGTCAA	GTGTGYCAGCMGCCGCGGTAA	13	Salamandra salamandra	5	B4	DNA	SaSa7	22384	23545.3	24398.6	23442.63333	22162.35	23312.1	24157	23210.48333	-2527.634804	-1674.142157	0.662335459	213	212	220	210	10	100	4	8.80E+05	840000	95.45	4.55	15	16	0.9375	160000	1500	17	170000	16	1600	21675	22196	22821	22230.66667	22078	22155	23146	22459.66667	-5287.990196	-2764.705882	52.28273465
SaSa9.DNA	AACGGGCG	GTGTGYCAGCMGCCGCGGTAA	15	Salamandra salamandra	5	F4	DNA	SaSa9	24262.6	21524	26446.9	24077.83333	24022.35	21310.8	26185	23839.38333	-215.502451	661.1519608	-3.067955644	189	187	190	184	10	100	4	7.60E+05	736000	96.84	3.16	17	19	0.894736842	190000	1700	20	200000	18	1800	23352	23892	23934	23726	22383	22689	23060	22710.66667	-4365.196078	-3080.882353	70.57832678
AnMa10.RNA	GGTGCAGA	GTGTGYCAGCMGCCGCGGTAA	16	Ambystoma maculatum	5	H4	RNA	AnMa10	21363.8	21858	23286.6	22169.46667	21152.25	21641.55	23056	21949.93333	-7162.009804	-6354.901961	0.887307074	208	205	209	195	10	100	4	8.36E+05	780000	93.30	6.70	22	234	0.094017094	2340000	2200	237	2370000	23	2300	25392	22521	23163	23692	30905	21924	23119	25316	5213.235294	-2863.970588	-54.93653032
AnMa2.RNA	ACATGGGC	GTGTGYCAGCMGCCGCGGTAA	7	Ambystoma maculatum	5	E2	RNA	AnMa2	27229.1	21691.5	29679.9	26200.16667	26959.45	21476.7	29386	25940.71667	7509.987745	8463.848039	1.12701223	209	198	208	198	10	100	4	8.32E+05	792000	95.19	4.81	9	273	0.032967033	2730000	900	276	2760000	10	1000	24051	21378	21204	22211	29548	21743	21333	24208	1139.705882	-9430.147059	-827.4193548
AnMa4.RNA	ATATTGGC	GTGTGYCAGCMGCCGCGGTAA	8	Ambystoma maculatum	5	H2	RNA	AnMa4	21616.2	22098.7	23562.3	22425.73333	21402.15	21879.9	23329	22203.68333	-6229.105392	-5412.745098	0.868944215	201	200	224	200	10	100	4	8.96E+05	800000	89.29	10.71	14	112	0.125	1120000	1400	114	1140000	15	1500	25893	21021	21993	22969	29407	21746	21630	24261	1334.558824	-8338.235294	-624.7933884
AnMa6.RNA	TCCGCTGC	GTGTGYCAGCMGCCGCGGTAA	10	Ambystoma maculatum	5	D3	RNA	AnMa6	24479.8	21136.9	26683.2	24099.96667	24237.4	20927.55	26419	23861.31667	-134.8651961	742.5245098	-5.505679237	224	205	201	194	10	100	4	8.04E+05	776000	96.52	3.48	12	29	0.413793103	290000	1200	30	300000	13	1300	23263	20864	21552	21893	32252	22106	21280	25212.66667	4833.333333	-9625	-199.137931
AnMa8.RNA	GCGCACAC	GTGTGYCAGCMGCCGCGGTAA	11	Ambystoma maculatum	5	F3	RNA	AnMa8	22004.4	21226	23985.5	22405.3	21786.45	21015.75	23748	22183.4	-6303.676471	-5487.867647	0.87058206	211	209	199	189	10	100	4	7.96E+05	756000	94.97	5.03	12	20	0.6	200000	1200	21	210000	13	1300	23562	21592	21338	22164	33456	21812	21323	25530.33333	6001.22549	-9466.911765	-157.7496426
BoOr10.RNA	TACTGAGC	GTGTGYCAGCMGCCGCGGTAA	16	Bombina orientalis	5	G4	RNA	BoOr10	23996.6	21753	26157	23968.86667	23759	21537.6	25898	23731.53333	-612.0098039	260.5392157	-0.425710853	192	191	193	191	10	100	4	7.72E+05	764000	98.96	1.04	9	25	0.36	250000	900	26	260000	10	1000	24170	22794	20728	22564	33968	22966	21520	26151.33333	8284.313725	-8742.647059	-105.5325444
BoOr2.RNA	ATAAACGG	GTGTGYCAGCMGCCGCGGTAA	4	Bombina orientalis	5	H1	RNA	BoOr2	24867.3	23381	27105.4	25117.9	24621	23149.5	26837	24869.16667	3570.465686	4484.926471	1.256118071	194	178	189	178	10	100	4	7.56E+05	712000	94.18	5.82	10	10	1	100000	1000	11	110000	11	1100	24785	22980	21180	22981.66667	23536	22084	21663	22427.66667	-5405.637255	-8216.911765	152.0063478
BoOr4.RNA	ACTAGTTG	GTGTGYCAGCMGCCGCGGTAA	5	Bombina orientalis	5	B2	RNA	BoOr4	24064.9	25205.8	26230.8	25167.16667	23826.6	24956.15	25971	24917.91667	3749.693627	4666.053922	1.244382711	189	181	194	182	10	100	4	7.76E+05	728000	93.81	6.19	22	216	0.101851852	2160000	2200	219	2190000	23	2300	25207	21060	20517	22261.33333	25010	20206	22145	22453.66667	-5310.04902	-6444.852941	121.3708747
BoOr6.RNA	TCATCCGT	GTGTGYCAGCMGCCGCGGTAA	9	Bombina orientalis	5	A3	RNA	BoOr6	21882.4	21107.2	23852.2	22280.6	21665.7	20898.15	23616	22059.95	-6757.536765	-5946.323529	0.879954299	182	175	195	183	10	100	4	7.80E+05	732000	93.85	6.15	11	104	0.105769231	1040000	1100	106	1060000	12	1200	24648	21763	21348	22586.33333	23859	19852	22232	21981	-7047.794118	-6125	86.90662493
BoOr8.RNA	TCCGTGGT	GTGTGYCAGCMGCCGCGGTAA	14	Bombina orientalis	5	D4	RNA	BoOr8	22611	21898.3	24646.1	23051.8	22387.05	21681.45	24402	22823.5	-3950.367647	-3111.029412	0.787529083	195	193	182	177	10	100	4	7.28E+05	708000	97.25	2.75	11	73	0.150684932	730000	1100	74	740000	12	1200	24392	21032	21569	22331	26308	21400	21947	23218.33333	-2498.77451	-7172.794118	287.0524767
EuWi1.RNA	CGGCTGCGTTCTTCATCGATGC	GCGTGCCC	28	Eurycea wilderae	5	H7	RNA	EuWi1	23168.5	13931.8	25254.1	20784.8	22939.05	13793.85	25004	20578.96667	-12202.32843	-11445.58824	0.937983951	223	221	224	209	10	100	4	8.96E+05	836000	93.30	6.70	45	23	1.956521739	230000	4500	24	240000	46	4600	23942	21678	21561	22393.66667	25320	21460	21760	22846.66667	-3865.196078	-7860.294118	203.3608117
EuWi2.RNA	CGGCTGCGTTCTTCATCGATGC	CGAGGCGA	26	Eurycea wilderae	5	D7	RNA	EuWi2	22633.2	22967.3	24670.3	23423.6	22409.1	22739.85	24426	23191.65	-2596.875	-1744.117647	0.671621717	225	202	226	207	10	100	4	9.04E+05	828000	91.59	8.41	22	13	1.692307692	130000	2200	14	140000	23	2300	25844	22157	22928	23643	27008	22199	23735	24314	1529.411765	-599.2647059	-39.18269231
EuWi3.RNA	CGGCTGCGTTCTTCATCGATGC	TGCGGCGT	29	Eurycea wilderae	5	B8	RNA	EuWi3	25320.7	21753	27600.3	24891.33333	25070	21537.6	27327	24644.86667	2745.833333	3651.960784	1.330000893	214	213	225	213	10	100	4	9.00E+05	852000	94.67	5.33	19	31	0.612903226	310000	1900	32	320000	20	2000	22496	21174	22821	22163.66667	21862	21324	22769	21985	-7033.088235	-4150.735294	59.01725039
EuWi4.RNA	CGGCTGCGTTCTTCATCGATGC	AACTCAAT	27	Eurycea wilderae	5	F7	RNA	EuWi4	20797.5	13861.8	22669.5	19109.6	20591.55	13724.55	22445	18920.36667	-18300.12255	-17604.41176	0.961983272	225	223	214	200	10	100	4	8.56E+05	800000	93.46	6.54	14	85	0.164705882	850000	1400	86	860000	15	1500	21793	20660	22251	21568	21210	21576	21071	21285.66667	-9604.166667	-10393.38235	108.2174301
EuWi5.RNA	CGGCTGCGTTCTTCATCGATGC	CTTGCTCA	30	Eurycea wilderae	5	D8	RNA	EuWi5	22444.5	21250.3	24465.3	22720.03333	22222.2	21039.9	24223	22495.03333	-5157.965686	-4330.759804	0.839625555	225	223	226	202	10	100	4	9.04E+05	808000	89.38	10.62	12	33	0.363636364	330000	1200	34	340000	13	1300	21423	21114	22135	21557.33333	20960	21380	21758	21366	-9308.823529	-7867.647059	84.51816746
LiCa10.RNA	GTTAGGGA	GTGTGYCAGCMGCCGCGGTAA	25	Litoria caerulea	5	B7	RNA	LiCa10	21690.5	24784.1	23643.1	23372.56667	21475.65	24538.7	23409	23141.11667	-2782.659314	-1931.740196	0.694206505	188	185	190	185	10	100	4	7.60E+05	740000	97.37	2.63	9	86	0.104651163	860000	900	87	870000	10	1000	20764	21688	21590	21347.33333	25932	21583	21533	23016	-3242.647059	-8694.852941	268.1405896
LiCa2.RNA	GCCTAGCC	GTGTGYCAGCMGCCGCGGTAA	21	Litoria caerulea	5	B6	RNA	LiCa2	21814.5	11832	23778.5	19141.66667	21598.5	11714.85	23543	18952.11667	-18183.39461	-17486.51961	0.961675198	206	204	220	200	10	100	4	8.80E+05	800000	90.91	9.09	9	45	0.2	450000	900	46	460000	10	1000	21503	21554	21444	21500.33333	26551	21206	21916	23224.33333	-2476.715686	-7286.764706	294.2107867
LiCa4.RNA	GCGGTCGG	GTGTGYCAGCMGCCGCGGTAA	22	Litoria caerulea	5	D6	RNA	LiCa4	21446.5	13192.7	23377.5	19338.9	21234.15	13062	23146	19147.38333	-17465.50245	-16761.39706	0.959685936	220	218	206	196	10	100	4	8.24E+05	784000	95.15	4.85	6	102	0.058823529	1020000	600	104	1040000	7	700	23481	24154	22492	23375.66667	26863	22702	22374	23979.66667	300.245098	-5602.941176	-1866.122449
LiCa6.RNA	CGAACGTC	GTGTGYCAGCMGCCGCGGTAA	23	Litoria caerulea	5	F6	RNA	LiCa6	22887.8	23876.1	24948.1	23904	22661.1	23639.7	24701	23667.26667	-848.2843137	22.05882353	-0.026004045	226	225	228	222	10	100	4	9.12E+05	888000	97.37	2.63	5	82	0.06097561	820000	500	83	830000	6	600	23113	22918	21583	22538	22042	22696	22685	22474.33333	-5234.068627	-4459.558824	85.20252868
LiCa8.RNA	TGATTTAA	GTGTGYCAGCMGCCGCGGTAA	24	Litoria caerulea	5	H6	RNA	LiCa8	21865.4	23379.8	23834	23026.4	21648.9	23148.3	23598	22798.4	-4042.647059	-3204.411765	0.792651873	205	193	206	195	10	100	4	8.24E+05	780000	94.66	5.34	9	87	0.103448276	870000	900	88	880000	10	1000	22765	22057	21623	22148.33333	43024	21423	22501	28982.66667	18693.62745	-5136.029412	-27.47476072
NoVi1.RNA	ACGCTTAA	GTGTGYCAGCMGCCGCGGTAA	18	Notophthalmus viridescens	5	D5	RNA	NoVi1	26288	25775	28654	26905.66667	26027	25520	28371	26945.5	11204.04412	7827.205882	0.698605414	217	217	10	100	4	8.68E+05	868000	100.00	0.00	0.00	100.00	10	42	0.238095238	420000	1000	43	430000	11	1100	22343	21499	22518	22120	25049	21454	22913	23138.66667	-2791.666667	-3621.323529	129.7190518
NoVi2.RNA	CCGGACAA	GTGTGYCAGCMGCCGCGGTAA	12	Notophthalmus viridescens	5	H3	RNA	NoVi2	24405	23846	26601	24950.66667	24163	23610	26338	24974	3955.882353	974.2647059	0.246282528	205	195	10	100	4	8.20E+05	780000	95.12	4.88	5.13	94.87	11	172	0.063953488	1720000	1100	174	1740000	12	1200	22441	21187	43163	28930.33333	22218	21101	43988	29102.33333	19133.57843	73860.29412	386.0244668
NoVi3.RNA	GAAGAGGG	GTGTGYCAGCMGCCGCGGTAA	19	Notophthalmus viridescens	5	F5	RNA	NoVi3	24113	23732	26283	24709.33333	23874	23497	26023	24760	3169.117647	-88.23529412	-0.027842227	220	217	10	100	4	8.80E+05	868000	98.64	1.36	1.38	98.62	11	22	0.5	220000	1100	23	230000	12	1200	22471	21340	44054	29288.33333	22623	20945	44712	29426.66667	20325.98039	76522.05882	376.4741348
NoVi4.RNA	TAATCTCG	GTGTGYCAGCMGCCGCGGTAA	17	Notophthalmus viridescens	5	B5	RNA	NoVi4	25959	23292	28295	25848.66667	25702	23061	28015	25538	6029.411765	6632.352941	1.1	213	212	10	100	4	8.52E+05	848000	99.53	0.47	0.47	99.53	14	29	0.482758621	290000	1400	30	300000	15	1500	24263	21414	37009	27562	23458	21146	38905	27836.33333	14479.16667	55172.79412	381.0495133
NoVi5.RNA	AATTCACC	GTGTGYCAGCMGCCGCGGTAA	20	Notophthalmus viridescens	5	H5	RNA	NoVi5	28455	25991	31016	28487.33333	28173	25733	30709	28221	15893.38235	15716.91176	0.9888966	189	187	10	100	4	7.56E+05	748000	98.94	1.06	1.07	98.93	39	11	3.545454545	110000	3900	12	120000	40	4000	22924	21358	24269	22850.33333	32479	22060	36137	30225.33333	23262.2549	44996.32353	193.4306185
SaSa10.RNA	AAGTGGCT	GTGTGYCAGCMGCCGCGGTAA	1	Salamandra salamandra	5	B1	RNA	SaSa10	25018.8	21386.1	22345	22916.63333	22916.63333	24771	21174.3	22972.65	-3402.022059	-3607.965686	1.060535653	217	217	205	185	10	100	4	8.20E+05	740000	90.24	9.76	23	15	1.533333333	150000	2300	16	160000	24	2400	21586	21225	23690	22167	30406	21981	34380	28922.33333	18471.81373	38536.76471	208.6246932
SaSa2.RNA	AGTATATG	GTGTGYCAGCMGCCGCGGTAA	2	Salamandra salamandra	5	D1	RNA	SaSa2	23454.3	22021.3	25565.2	23680.26667	23222	21803.25	25312	23445.75	-1662.683824	-800.4901961	0.481444629	205	195	217	199	10	100	4	8.68E+05	796000	91.71	8.29	23	29	0.793103448	290000	2300	30	300000	24	2400	23429	21532	24316	23092.33333	30654	21850	33979	28827.66667	18123.77451	37062.5	204.4965853
SaSa4.RNA	GACATCTG	GTGTGYCAGCMGCCGCGGTAA	3	Salamandra salamandra	5	F1	RNA	SaSa4	23705.8	21490	25839.9	23678.56667	23471	21277.2	25584	23444.06667	-1668.872549	-806.7401961	0.483404318	220	217	213	203	10	100	4	8.52E+05	812000	95.31	4.69	14	21	0.666666667	210000	1400	22	220000	15	1500	21846	21784	22505	22045	21266	21486	22750	21834	-7588.235294	-4220.588235	55.62015504
SaSa6.RNA	CACGAAAG	GTGTGYCAGCMGCCGCGGTAA	12	Salamandra salamandra	5	G3	RNA	SaSa6	23750.4	23382	25888.4	24340.26667	23515.2	23150.4	25632	24099.2	739.7058824	1625.980392	2.198144467	213	212	220	210	10	100	4	8.80E+05	840000	95.45	4.55	15	16	0.9375	160000	1500	17	170000	16	1600	21675	22196	22821	22230.66667	22078	22155	23146	22459.66667	-5287.990196	-2764.705882	52.28273465
SaSa8.RNA	ATGTTCCT	GTGTGYCAGCMGCCGCGGTAA	14	Salamandra salamandra	5	C4	RNA	SaSa8	23478.5	21937.6	25592.4	23669.5	23245.95	21720.3	25339	23435.08333	-1701.89951	-840.0735294	0.493609361	189	187	190	184	10	100	4	7.60E+05	736000	96.84	3.16	17	19	0.894736842	190000	1700	20	200000	18	1800	23352	23892	23934	23726	22383	22689	23060	22710.66667	-4365.196078	-3080.882353	70.57832678